00000000	8c090004
00000004	8c0a0004
00000008	8c0b0000
0000000c	8c0c0000
00000010	8c0d0000
00000014	8c0e0000
00000018	00000000
0000001c	00000000
00000020	00000000
00000024	00000000
00000028	112a0004
0000002c	00000000
00000030	016d5820
00000034	016d5820
00000038	016d5820
0000003c	018d6020
00000040	00000000
00000044	00000000
00000048	00000000
0000004c	00000000
00000050	112d0004
00000054	00000000
00000058	018d6020
0000005c	018d6020
00000060	018d6020
00000064	018c6020
00000068	00000000
0000006c	00000000
00000070	00000000
00000074	00000000
00000078	01ce7020
0000007c	112e0004
00000080	00000000
00000084	016d5820
00000088	016d5820
0000008c	016d5820
00000090	018d6020
00000094	00000000
00000098	00000000
0000009c	00000000
000000a0	00000000
000000a4	01ce7020
000000a8	112e0004
000000ac	00000000
000000b0	018d6020
000000b4	018d6020
000000b8	018d6020
000000bc	018c6020
000000c0	00000000
000000c4	00000000
000000c8	00000000
000000cc	00000000
000000d0	8c0e0004
000000d4	112e0004
000000d8	00000000
000000dc	016d5820
000000e0	016d5820
000000e4	016d5820
000000e8	018d6020
000000ec	00000000
000000f0	00000000
000000f4	00000000
000000f8	00000000
000000fc	8c0e0000
00000100	112e0004
00000104	00000000
00000108	018d6020
0000010c	018d6020
00000110	018d6020
00000114	018c6020
00000118	00000000
0000011c	00000000
00000120	00000000
00000124	00000000
